{
  "name": "Bilunabirotunda",
  "transformation": [
    1,
    0,
    0,
    0,
    0,
    1,
    0,
    0,
    0,
    0,
    1,
    0,
    0,
    0,
    0,
    1
  ],
  "children": [
    {
      "name": "Cube",
      "transformation": [
        -1,
        1.2246467991473532e-16,
        0,
        0,
        -1.2246467991473532e-16,
        -1,
        0,
        0,
        0,
        0,
        1,
        0,
        5.551115123125783e-17,
        1.3090169943749475,
        0,
        1
      ],
      "children": [],
      "parent": 0
    },
    {
      "name": "Tetrahedron",
      "transformation": [
        -0.7071067811865479,
        -0.5873855981284212,
        -0.3936726547670246,
        0,
        -0.7071067811865476,
        0.5873855981284212,
        0.3936726547670247,
        0,
        2.775557561562892e-17,
        0.5567372075069477,
        -0.8306886792158461,
        0,
        5.551115123125783e-17,
        0.6121806669914351,
        0.7936927990642106,
        1
      ],
      "children": [
        {
          "name": "Tetrahedron",
          "transformation": [
            0.6666666666666665,
            -0.6666666666666667,
            0.33333333333333337,
            0,
            -0.6666666666666667,
            -0.33333333333333326,
            0.6666666666666667,
            0,
            -0.33333333333333354,
            -0.6666666666666669,
            -0.6666666666666669,
            0,
            -0.23570226039551587,
            0.23570226039551573,
            0.23570226039551584,
            1
          ],
          "children": [],
          "parent": 0
        }
      ],
      "parent": 0
    },
    {
      "name": "Dodecahedron",
      "transformation": [
        0.49999999999999944,
        0.8090169943749475,
        -0.3090169943749471,
        0,
        0.30901699437494734,
        -0.49999999999999944,
        -0.8090169943749475,
        0,
        -0.8090169943749479,
        0.30901699437494745,
        -0.4999999999999999,
        0,
        -1.3090169943749472,
        0,
        1.309016994374948,
        1
      ],
      "children": [
        {
          "name": "Dodecahedron",
          "transformation": [
            -0.8944271909999162,
            -8.326672684688677e-17,
            0.44721359549995787,
            0,
            -0.44721359549995776,
            -4.440892098500626e-16,
            -0.894427190999916,
            0,
            2.220446049250313e-16,
            -1,
            3.3306690738754696e-16,
            0,
            1.8944271909999157,
            2.220446049250313e-16,
            1.1708203932499366,
            1
          ],
          "children": [
            {
              "name": "Dodecahedron",
              "transformation": [
                -0.8944271909999162,
                -8.326672684688677e-17,
                0.44721359549995787,
                0,
                -0.44721359549995776,
                -4.440892098500626e-16,
                -0.894427190999916,
                0,
                2.220446049250313e-16,
                -1,
                3.3306690738754696e-16,
                0,
                1.8944271909999157,
                2.220446049250313e-16,
                1.1708203932499366,
                1
              ],
              "children": [],
              "parent": 0
            }
          ],
          "parent": 0
        },
        {
          "name": "Dodecahedron",
          "transformation": [
            0.052786404500042586,
            -0.5854101966249682,
            -0.8090169943749479,
            0,
            0.5854101966249685,
            -0.6381966011250104,
            0.49999999999999994,
            0,
            -0.8090169943749472,
            -0.5000000000000004,
            0.3090169943749469,
            0,
            -1.1708203932499373,
            1.8944271909999162,
            4.440892098500626e-16,
            1
          ],
          "children": [
            {
              "name": "Dodecahedron",
              "transformation": [
                -0.8618033988749892,
                0.08541019662496815,
                -0.49999999999999967,
                0,
                -0.08541019662496885,
                0.947213595499958,
                0.30901699437494773,
                0,
                0.49999999999999956,
                0.30901699437494784,
                -0.8090169943749471,
                0,
                1.170820393249938,
                -1.894427190999916,
                -1.1102230246251565e-16,
                1
              ],
              "children": [],
              "parent": 0
            }
          ],
          "parent": 0
        },
        {
          "name": "Dodecahedron",
          "transformation": [
            0.5854101966249684,
            0.8090169943749479,
            0.05278640450004159,
            0,
            0.6381966011250106,
            -0.4999999999999994,
            0.5854101966249683,
            0,
            0.4999999999999997,
            -0.30901699437494756,
            -0.8090169943749472,
            0,
            -1.8944271909999162,
            3.3306690738754696e-16,
            -1.1708203932499366,
            1
          ],
          "children": [],
          "parent": 0
        },
        {
          "name": "Dodecahedron",
          "transformation": [
            0.4999999999999998,
            0.8618033988749894,
            0.08541019662496839,
            0,
            -0.3090169943749474,
            0.0854101966249685,
            0.9472135954999579,
            0,
            0.8090169943749476,
            -0.4999999999999999,
            0.30901699437494745,
            0,
            -2.220446049250313e-16,
            -1.170820393249937,
            -1.894427190999916,
            1
          ],
          "children": [],
          "parent": 0
        },
        {
          "name": "Dodecahedron",
          "transformation": [
            -0.8618033988749892,
            0.08541019662496815,
            -0.49999999999999967,
            0,
            -0.08541019662496885,
            0.947213595499958,
            0.30901699437494773,
            0,
            0.49999999999999956,
            0.30901699437494784,
            -0.8090169943749471,
            0,
            1.170820393249938,
            -1.894427190999916,
            -1.1102230246251565e-16,
            1
          ],
          "children": [
            {
              "name": "Dodecahedron",
              "transformation": [
                0.08541019662496874,
                -0.49999999999999994,
                -0.8618033988749896,
                0,
                0.9472135954999579,
                0.3090169943749477,
                -0.08541019662496818,
                0,
                0.3090169943749475,
                -0.8090169943749475,
                0.5,
                0,
                -1.8944271909999157,
                2.220446049250313e-16,
                1.1708203932499366,
                1
              ],
              "children": [],
              "parent": 0
            },
            {
              "name": "Dodecahedron",
              "transformation": [
                0.5854101966249684,
                0.8090169943749479,
                0.05278640450004159,
                0,
                0.6381966011250106,
                -0.4999999999999994,
                0.5854101966249683,
                0,
                0.4999999999999997,
                -0.30901699437494756,
                -0.8090169943749472,
                0,
                -1.8944271909999162,
                3.3306690738754696e-16,
                -1.1708203932499366,
                1
              ],
              "children": [],
              "parent": 0
            }
          ],
          "parent": 0
        },
        {
          "name": "Dodecahedron",
          "transformation": [
            0.08541019662496874,
            -0.49999999999999994,
            -0.8618033988749896,
            0,
            0.9472135954999579,
            0.3090169943749477,
            -0.08541019662496818,
            0,
            0.3090169943749475,
            -0.8090169943749475,
            0.5,
            0,
            -1.8944271909999157,
            2.220446049250313e-16,
            1.1708203932499366,
            1
          ],
          "children": [],
          "parent": 0
        }
      ],
      "parent": 0
    },
    {
      "name": "Dodecahedron",
      "transformation": [
        -0.5000000000000002,
        0.8090169943749476,
        -0.3090169943749477,
        0,
        -0.3090169943749475,
        -0.5000000000000003,
        -0.8090169943749475,
        0,
        -0.8090169943749473,
        -0.30901699437494745,
        0.5000000000000002,
        0,
        1.3090169943749475,
        -1.1102230246251565e-16,
        1.3090169943749477,
        1
      ],
      "children": [
        {
          "name": "Dodecahedron",
          "transformation": [
            -0.08541019662496942,
            0.49999999999999967,
            0.86180339887499,
            0,
            -0.9472135954999581,
            -0.3090169943749484,
            0.08541019662496781,
            0,
            0.3090169943749478,
            -0.809016994374948,
            0.4999999999999998,
            0,
            1.8944271909999162,
            3.3306690738754696e-16,
            -1.170820393249937,
            1
          ],
          "children": [],
          "parent": 0
        },
        {
          "name": "Dodecahedron",
          "transformation": [
            0.052786404500042586,
            -0.5854101966249682,
            -0.8090169943749479,
            0,
            0.5854101966249685,
            -0.6381966011250104,
            0.49999999999999994,
            0,
            -0.8090169943749472,
            -0.5000000000000004,
            0.3090169943749469,
            0,
            -1.1708203932499373,
            1.8944271909999162,
            4.440892098500626e-16,
            1
          ],
          "children": [
            {
              "name": "Dodecahedron",
              "transformation": [
                0.49999999999999944,
                -0.8618033988749898,
                -0.08541019662496802,
                0,
                -0.3090169943749475,
                -0.08541019662496875,
                -0.9472135954999582,
                0,
                0.809016994374948,
                0.49999999999999967,
                -0.3090169943749478,
                0,
                0,
                1.170820393249937,
                1.894427190999916,
                1
              ],
              "children": [],
              "parent": 0
            }
          ],
          "parent": 0
        },
        {
          "name": "Dodecahedron",
          "transformation": [
            -0.8618033988749892,
            0.08541019662496815,
            -0.49999999999999967,
            0,
            -0.08541019662496885,
            0.947213595499958,
            0.30901699437494773,
            0,
            0.49999999999999956,
            0.30901699437494784,
            -0.8090169943749471,
            0,
            1.170820393249938,
            -1.894427190999916,
            -1.1102230246251565e-16,
            1
          ],
          "children": [],
          "parent": 0
        },
        {
          "name": "Dodecahedron",
          "transformation": [
            0.8618033988749895,
            0.08541019662496839,
            0.5,
            0,
            0.08541019662496852,
            0.9472135954999579,
            -0.3090169943749474,
            0,
            -0.5,
            0.30901699437494745,
            0.8090169943749475,
            0,
            -1.170820393249937,
            -1.8944271909999157,
            0,
            1
          ],
          "children": [],
          "parent": 0
        }
      ],
      "parent": 0
    },
    {
      "name": "Dodecahedron",
      "transformation": [
        0.5000000000000003,
        0.8090169943749476,
        0.3090169943749475,
        0,
        0.3090169943749476,
        -0.5000000000000001,
        0.8090169943749475,
        0,
        0.8090169943749472,
        -0.30901699437494745,
        -0.5000000000000002,
        0,
        -1.3090169943749475,
        0,
        -1.3090169943749475,
        1
      ],
      "children": [
        {
          "name": "Dodecahedron",
          "transformation": [
            -0.8618033988749892,
            0.08541019662496815,
            -0.49999999999999967,
            0,
            -0.08541019662496885,
            0.947213595499958,
            0.30901699437494773,
            0,
            0.49999999999999956,
            0.30901699437494784,
            -0.8090169943749471,
            0,
            1.170820393249938,
            -1.894427190999916,
            -1.1102230246251565e-16,
            1
          ],
          "children": [
            {
              "name": "Dodecahedron",
              "transformation": [
                0.4999999999999998,
                0.8618033988749894,
                0.08541019662496839,
                0,
                -0.3090169943749474,
                0.0854101966249685,
                0.9472135954999579,
                0,
                0.8090169943749476,
                -0.4999999999999999,
                0.30901699437494745,
                0,
                -2.220446049250313e-16,
                -1.170820393249937,
                -1.894427190999916,
                1
              ],
              "children": [],
              "parent": 0
            },
            {
              "name": "Dodecahedron",
              "transformation": [
                -0.4999999999999998,
                0.8618033988749896,
                -0.0854101966249683,
                0,
                0.30901699437494756,
                0.08541019662496875,
                -0.9472135954999581,
                0,
                -0.8090169943749477,
                -0.4999999999999999,
                -0.3090169943749475,
                0,
                0,
                -1.1708203932499373,
                1.8944271909999157,
                1
              ],
              "children": [],
              "parent": 0
            },
            {
              "name": "Dodecahedron",
              "transformation": [
                -0.8618033988749892,
                0.08541019662496815,
                -0.49999999999999967,
                0,
                -0.08541019662496885,
                0.947213595499958,
                0.30901699437494773,
                0,
                0.49999999999999956,
                0.30901699437494784,
                -0.8090169943749471,
                0,
                1.170820393249938,
                -1.894427190999916,
                -1.1102230246251565e-16,
                1
              ],
              "children": [],
              "parent": 0
            }
          ],
          "parent": 0
        },
        {
          "name": "Dodecahedron",
          "transformation": [
            0.08541019662496874,
            -0.49999999999999994,
            -0.8618033988749896,
            0,
            0.9472135954999579,
            0.3090169943749477,
            -0.08541019662496818,
            0,
            0.3090169943749475,
            -0.8090169943749475,
            0.5,
            0,
            -1.8944271909999157,
            2.220446049250313e-16,
            1.1708203932499366,
            1
          ],
          "children": [
            {
              "name": "Dodecahedron",
              "transformation": [
                -0.4999999999999998,
                0.8618033988749896,
                -0.0854101966249683,
                0,
                0.30901699437494756,
                0.08541019662496875,
                -0.9472135954999581,
                0,
                -0.8090169943749477,
                -0.4999999999999999,
                -0.3090169943749475,
                0,
                0,
                -1.1708203932499373,
                1.8944271909999157,
                1
              ],
              "children": [],
              "parent": 0
            },
            {
              "name": "Dodecahedron",
              "transformation": [
                -0.8618033988749892,
                0.08541019662496815,
                -0.49999999999999967,
                0,
                -0.08541019662496885,
                0.947213595499958,
                0.30901699437494773,
                0,
                0.49999999999999956,
                0.30901699437494784,
                -0.8090169943749471,
                0,
                1.170820393249938,
                -1.894427190999916,
                -1.1102230246251565e-16,
                1
              ],
              "children": [],
              "parent": 0
            },
            {
              "name": "Dodecahedron",
              "transformation": [
                0.8618033988749895,
                0.08541019662496839,
                0.5,
                0,
                0.08541019662496852,
                0.9472135954999579,
                -0.3090169943749474,
                0,
                -0.5,
                0.30901699437494745,
                0.8090169943749475,
                0,
                -1.170820393249937,
                -1.8944271909999157,
                0,
                1
              ],
              "children": [],
              "parent": 0
            }
          ],
          "parent": 0
        },
        {
          "name": "Dodecahedron",
          "transformation": [
            -0.4999999999999998,
            0.8618033988749896,
            -0.0854101966249683,
            0,
            0.30901699437494756,
            0.08541019662496875,
            -0.9472135954999581,
            0,
            -0.8090169943749477,
            -0.4999999999999999,
            -0.3090169943749475,
            0,
            0,
            -1.1708203932499373,
            1.8944271909999157,
            1
          ],
          "children": [],
          "parent": 0
        },
        {
          "name": "Dodecahedron",
          "transformation": [
            0.5854101966249684,
            0.8090169943749479,
            0.05278640450004159,
            0,
            0.6381966011250106,
            -0.4999999999999994,
            0.5854101966249683,
            0,
            0.4999999999999997,
            -0.30901699437494756,
            -0.8090169943749472,
            0,
            -1.8944271909999162,
            3.3306690738754696e-16,
            -1.1708203932499366,
            1
          ],
          "children": [],
          "parent": 0
        },
        {
          "name": "Dodecahedron",
          "transformation": [
            0.8618033988749895,
            0.08541019662496839,
            0.5,
            0,
            0.08541019662496852,
            0.9472135954999579,
            -0.3090169943749474,
            0,
            -0.5,
            0.30901699437494745,
            0.8090169943749475,
            0,
            -1.170820393249937,
            -1.8944271909999157,
            0,
            1
          ],
          "children": [
            {
              "name": "Dodecahedron",
              "transformation": [
                0.4999999999999998,
                0.8618033988749894,
                0.08541019662496839,
                0,
                -0.3090169943749474,
                0.0854101966249685,
                0.9472135954999579,
                0,
                0.8090169943749476,
                -0.4999999999999999,
                0.30901699437494745,
                0,
                -2.220446049250313e-16,
                -1.170820393249937,
                -1.894427190999916,
                1
              ],
              "children": [],
              "parent": 0
            }
          ],
          "parent": 0
        },
        {
          "name": "Dodecahedron",
          "transformation": [
            0.4999999999999998,
            0.8618033988749894,
            0.08541019662496839,
            0,
            -0.3090169943749474,
            0.0854101966249685,
            0.9472135954999579,
            0,
            0.8090169943749476,
            -0.4999999999999999,
            0.30901699437494745,
            0,
            -2.220446049250313e-16,
            -1.170820393249937,
            -1.894427190999916,
            1
          ],
          "children": [],
          "parent": 0
        }
      ],
      "parent": 0
    },
    {
      "name": "Dodecahedron",
      "transformation": [
        -0.4999999999999997,
        0.8090169943749478,
        0.30901699437494706,
        0,
        -0.3090169943749474,
        -0.4999999999999994,
        0.8090169943749476,
        0,
        0.809016994374948,
        0.3090169943749474,
        0.49999999999999967,
        0,
        1.309016994374947,
        0,
        -1.309016994374948,
        1
      ],
      "children": [
        {
          "name": "Dodecahedron",
          "transformation": [
            -0.8618033988749892,
            0.08541019662496815,
            -0.49999999999999967,
            0,
            -0.08541019662496885,
            0.947213595499958,
            0.30901699437494773,
            0,
            0.49999999999999956,
            0.30901699437494784,
            -0.8090169943749471,
            0,
            1.170820393249938,
            -1.894427190999916,
            -1.1102230246251565e-16,
            1
          ],
          "children": [
            {
              "name": "Dodecahedron",
              "transformation": [
                -0.8618033988749892,
                0.08541019662496815,
                -0.49999999999999967,
                0,
                -0.08541019662496885,
                0.947213595499958,
                0.30901699437494773,
                0,
                0.49999999999999956,
                0.30901699437494784,
                -0.8090169943749471,
                0,
                1.170820393249938,
                -1.894427190999916,
                -1.1102230246251565e-16,
                1
              ],
              "children": [],
              "parent": 0
            },
            {
              "name": "Dodecahedron",
              "transformation": [
                0.08541019662496874,
                -0.49999999999999994,
                -0.8618033988749896,
                0,
                0.9472135954999579,
                0.3090169943749477,
                -0.08541019662496818,
                0,
                0.3090169943749475,
                -0.8090169943749475,
                0.5,
                0,
                -1.8944271909999157,
                2.220446049250313e-16,
                1.1708203932499366,
                1
              ],
              "children": [],
              "parent": 0
            }
          ],
          "parent": 0
        },
        {
          "name": "Dodecahedron",
          "transformation": [
            0.5854101966249684,
            0.8090169943749479,
            0.05278640450004159,
            0,
            0.6381966011250106,
            -0.4999999999999994,
            0.5854101966249683,
            0,
            0.4999999999999997,
            -0.30901699437494756,
            -0.8090169943749472,
            0,
            -1.8944271909999162,
            3.3306690738754696e-16,
            -1.1708203932499366,
            1
          ],
          "children": [
            {
              "name": "Dodecahedron",
              "transformation": [
                0.08541019662496874,
                -0.49999999999999994,
                -0.8618033988749896,
                0,
                0.9472135954999579,
                0.3090169943749477,
                -0.08541019662496818,
                0,
                0.3090169943749475,
                -0.8090169943749475,
                0.5,
                0,
                -1.8944271909999157,
                2.220446049250313e-16,
                1.1708203932499366,
                1
              ],
              "children": [
                {
                  "name": "Dodecahedron",
                  "transformation": [
                    -0.4999999999999998,
                    0.8618033988749896,
                    -0.0854101966249683,
                    0,
                    0.30901699437494756,
                    0.08541019662496875,
                    -0.9472135954999581,
                    0,
                    -0.8090169943749477,
                    -0.4999999999999999,
                    -0.3090169943749475,
                    0,
                    0,
                    -1.1708203932499373,
                    1.8944271909999157,
                    1
                  ],
                  "children": [],
                  "parent": 0
                }
              ],
              "parent": 0
            },
            {
              "name": "Dodecahedron",
              "transformation": [
                -0.8618033988749892,
                0.08541019662496815,
                -0.49999999999999967,
                0,
                -0.08541019662496885,
                0.947213595499958,
                0.30901699437494773,
                0,
                0.49999999999999956,
                0.30901699437494784,
                -0.8090169943749471,
                0,
                1.170820393249938,
                -1.894427190999916,
                -1.1102230246251565e-16,
                1
              ],
              "children": [],
              "parent": 0
            },
            {
              "name": "Dodecahedron",
              "transformation": [
                0.8618033988749895,
                0.08541019662496839,
                0.5,
                0,
                0.08541019662496852,
                0.9472135954999579,
                -0.3090169943749474,
                0,
                -0.5,
                0.30901699437494745,
                0.8090169943749475,
                0,
                -1.170820393249937,
                -1.8944271909999157,
                0,
                1
              ],
              "children": [],
              "parent": 0
            }
          ],
          "parent": 0
        },
        {
          "name": "Dodecahedron",
          "transformation": [
            0.8618033988749895,
            0.08541019662496839,
            0.5,
            0,
            0.08541019662496852,
            0.9472135954999579,
            -0.3090169943749474,
            0,
            -0.5,
            0.30901699437494745,
            0.8090169943749475,
            0,
            -1.170820393249937,
            -1.8944271909999157,
            0,
            1
          ],
          "children": [],
          "parent": 0
        },
        {
          "name": "Dodecahedron",
          "transformation": [
            0.49999999999999944,
            -0.8618033988749898,
            -0.08541019662496802,
            0,
            -0.3090169943749475,
            -0.08541019662496875,
            -0.9472135954999582,
            0,
            0.809016994374948,
            0.49999999999999967,
            -0.3090169943749478,
            0,
            0,
            1.170820393249937,
            1.894427190999916,
            1
          ],
          "children": [],
          "parent": 0
        },
        {
          "name": "Dodecahedron",
          "transformation": [
            0.08541019662496874,
            -0.49999999999999994,
            -0.8618033988749896,
            0,
            0.9472135954999579,
            0.3090169943749477,
            -0.08541019662496818,
            0,
            0.3090169943749475,
            -0.8090169943749475,
            0.5,
            0,
            -1.8944271909999157,
            2.220446049250313e-16,
            1.1708203932499366,
            1
          ],
          "children": [],
          "parent": 0
        },
        {
          "name": "Dodecahedron",
          "transformation": [
            -0.4999999999999998,
            0.8618033988749896,
            -0.0854101966249683,
            0,
            0.30901699437494756,
            0.08541019662496875,
            -0.9472135954999581,
            0,
            -0.8090169943749477,
            -0.4999999999999999,
            -0.3090169943749475,
            0,
            0,
            -1.1708203932499373,
            1.8944271909999157,
            1
          ],
          "children": [],
          "parent": 0
        }
      ],
      "parent": 0
    },
    {
      "name": "Tetrahedron",
      "transformation": [
        -0.7071067811865479,
        0.5873855981284211,
        0.39367265476702457,
        0,
        -0.7071067811865476,
        -0.5873855981284216,
        -0.3936726547670248,
        0,
        5.551115123125783e-17,
        -0.5567372075069474,
        0.8306886792158457,
        0,
        0,
        -0.6121806669914351,
        -0.7936927990642105,
        1
      ],
      "children": [],
      "parent": 0
    },
    {
      "name": "Tetrahedron",
      "transformation": [
        -0.17536293896182575,
        0.6850166710662384,
        -0.7071067811865485,
        0,
        -0.968759866673544,
        -0.24800064661741922,
        1.6653345369377353e-16,
        0,
        -0.17536293896182553,
        0.6850166710662389,
        0.707106781186547,
        0,
        -0.8425083355331194,
        -0.8966984638558598,
        0,
        1
      ],
      "children": [],
      "parent": 0
    },
    {
      "name": "Tetrahedron",
      "transformation": [
        0.1753629389618243,
        0.6850166710662388,
        -0.7071067811865477,
        0,
        -0.17536293896182453,
        -0.6850166710662389,
        -0.7071067811865476,
        0,
        -0.9687598666735442,
        0.24800064661741736,
        0,
        0,
        0.8425083355331193,
        -0.8966984638558597,
        0,
        1
      ],
      "children": [],
      "parent": 0
    },
    {
      "name": "Tetrahedron",
      "transformation": [
        -0.7071067811865478,
        0.5873855981284218,
        -0.39367265476702445,
        0,
        3.3306690738754706e-16,
        0.5567372075069471,
        0.8306886792158461,
        0,
        0.7071067811865478,
        0.5873855981284211,
        -0.3936726547670246,
        0,
        -1.1102230246251565e-16,
        -0.6121806669914351,
        0.7936927990642104,
        1
      ],
      "children": [],
      "parent": 0
    },
    {
      "name": "Tetrahedron",
      "transformation": [
        -0.17536293896182517,
        -0.6850166710662385,
        -0.7071067811865475,
        0,
        0.17536293896182462,
        0.6850166710662384,
        -0.7071067811865476,
        0,
        0.9687598666735441,
        -0.24800064661741802,
        -4.440892098500626e-16,
        0,
        -0.8425083355331193,
        0.8966984638558597,
        0,
        1
      ],
      "children": [],
      "parent": 0
    },
    {
      "name": "Tetrahedron",
      "transformation": [
        -0.7071067811865475,
        -0.5873855981284215,
        0.39367265476702457,
        0,
        3.885780586188049e-16,
        -0.5567372075069478,
        -0.8306886792158459,
        0,
        0.7071067811865477,
        -0.5873855981284208,
        0.39367265476702473,
        0,
        0,
        0.6121806669914351,
        -0.7936927990642105,
        1
      ],
      "children": [],
      "parent": 0
    },
    {
      "name": "Tetrahedron",
      "transformation": [
        0.17536293896182373,
        -0.6850166710662386,
        -0.7071067811865476,
        0,
        0.9687598666735442,
        0.24800064661741691,
        -4.4408920985006257e-16,
        0,
        0.17536293896182445,
        -0.6850166710662388,
        0.7071067811865472,
        0,
        0.8425083355331191,
        0.8966984638558597,
        0,
        1
      ],
      "children": [],
      "parent": 0
    },
    {
      "name": "Cube",
      "transformation": [
        2.220446049250313e-16,
        0,
        -1,
        0,
        0,
        1,
        0,
        0,
        1,
        0,
        2.220446049250313e-16,
        0,
        5.551115123125783e-17,
        -1.3090169943749475,
        0,
        1
      ],
      "children": [],
      "parent": 0
    }
  ]
}