{
  "name": "Bilunabirotunda",
  "transformation": [
    1,
    0,
    0,
    0,
    0,
    1,
    0,
    0,
    0,
    0,
    1,
    0,
    0,
    0,
    0,
    1
  ],
  "children": [
    {
      "name": "Square Pyramid",
      "transformation": [
        0,
        0.24800064661741758,
        -0.9687598666735441,
        0,
        1,
        -2.2204460492503128e-16,
        2.775557561562891e-16,
        0,
        5.551115123125782e-17,
        -0.9687598666735441,
        -0.2480006466174178,
        0,
        0,
        0.3425083355331193,
        0.8966984638558597,
        1
      ],
      "children": [
        {
          "name": "Triangular Prism",
          "transformation": [
            -0.8660254037844388,
            2.7755575615628914e-17,
            0.4999999999999999,
            0,
            0.4999999999999999,
            1.1102230246251565e-16,
            0.8660254037844388,
            0,
            -8.326672684688674e-17,
            1,
            -2.220446049250313e-16,
            0,
            1.1102230246251565e-16,
            0,
            -0.6422285251880868,
            1
          ],
          "children": [],
          "parent": 2
        },
        {
          "name": "Square Pyramid",
          "transformation": [
            0.8333333333333333,
            0.49999999999999967,
            -0.23570226039551617,
            0,
            0.5000000000000003,
            -0.5000000000000008,
            0.7071067811865475,
            0,
            0.23570226039551528,
            -0.7071067811865477,
            -0.6666666666666673,
            0,
            -0.5833333333333336,
            -0.2499999999999999,
            -0.11785113019775767,
            1
          ],
          "children": [],
          "parent": 1
        }
      ],
      "parent": 1
    },
    {
      "name": "Square Pyramid",
      "transformation": [
        -1.3322676295501877e-15,
        -0.24800064661741708,
        -0.9687598666735441,
        0,
        -1.0000000000000007,
        -4.440892098500629e-16,
        1.609823385706478e-15,
        0,
        -8.326672684688678e-16,
        0.9687598666735446,
        -0.24800064661741728,
        0,
        -2.1109416298292771e-16,
        -0.34250833553311916,
        0.8966984638558594,
        1
      ],
      "children": [
        {
          "name": "Triangular Prism",
          "transformation": [
            -0.8660254037844388,
            2.7755575615628914e-17,
            0.4999999999999999,
            0,
            0.4999999999999999,
            1.1102230246251565e-16,
            0.8660254037844388,
            0,
            -8.326672684688674e-17,
            1,
            -2.220446049250313e-16,
            0,
            1.1102230246251565e-16,
            0,
            -0.6422285251880868,
            1
          ],
          "children": [],
          "parent": 2
        },
        {
          "name": "Square Pyramid",
          "transformation": [
            0.8333333333333333,
            0.49999999999999967,
            -0.23570226039551617,
            0,
            0.5000000000000003,
            -0.5000000000000008,
            0.7071067811865475,
            0,
            0.23570226039551528,
            -0.7071067811865477,
            -0.6666666666666673,
            0,
            -0.5833333333333336,
            -0.2499999999999999,
            -0.11785113019775767,
            1
          ],
          "children": [],
          "parent": 1
        }
      ],
      "parent": 1
    },
    {
      "name": "Pentagonal Prism",
      "transformation": [
        0.6881909602355867,
        0.5877852522924729,
        -0.42532540417602,
        0,
        0.5,
        -0.8090169943749477,
        -0.3090169943749475,
        0,
        -0.5257311121191336,
        5.5511151231257815e-17,
        -0.8506508083520397,
        0,
        0.9864723538095457,
        -2.220446049250313e-16,
        0.7871288030510096,
        1
      ],
      "children": [
        {
          "name": "Square Pyramid",
          "transformation": [
            -0.5877852522924731,
            0.8090169943749475,
            2.220446049250313e-16,
            0,
            5.551115123125784e-17,
            -2.2204460492503136e-16,
            1.0000000000000002,
            0,
            0.8090169943749472,
            0.587785252292473,
            0,
            0,
            0.8427888836146454,
            0.6123219660762003,
            -1.1102230246251565e-16,
            1
          ],
          "children": [],
          "parent": 0
        },
        {
          "name": "Pentagonal Prism",
          "transformation": [
            0.3090169943749474,
            0.9510565162951535,
            0,
            0,
            -0.9510565162951535,
            0.3090169943749474,
            0,
            0,
            0,
            0,
            1,
            0,
            0,
            0,
            -1,
            1
          ],
          "children": [
            {
              "name": "Pentagonal Prism",
              "transformation": [
                0.3090169943749456,
                0.9510565162951552,
                0,
                0,
                -0.9510565162951552,
                0.3090169943749456,
                0,
                0,
                0,
                0,
                1,
                0,
                1.4791141972893971e-31,
                -1.1709654061874394e-31,
                -1,
                1
              ],
              "children": [
                {
                  "name": "Cube",
                  "transformation": [
                    -2.2204460492503136e-16,
                    -1.6653345369377353e-16,
                    1.0000000000000002,
                    0,
                    -0.8090169943749477,
                    0.587785252292473,
                    -1.6653345369377353e-16,
                    0,
                    -0.587785252292473,
                    -0.8090169943749477,
                    -2.2204460492503136e-16,
                    0,
                    0.9612666793932771,
                    -0.6984011233337103,
                    1.1102230246251565e-16,
                    1
                  ],
                  "children": [
                    {
                      "name": "Triangular Prism",
                      "transformation": [
                        -3.774758283725537e-15,
                        0.866025403784435,
                        0.500000000000009,
                        0,
                        3.108624468950453e-15,
                        -0.5000000000000108,
                        0.8660254037844379,
                        0,
                        1.0000000000000038,
                        4.773959005888191e-15,
                        -1.1102230246251607e-15,
                        0,
                        -6.989214825142656e-16,
                        3.143235715930846e-16,
                        -0.7886751345948129,
                        1
                      ],
                      "children": [],
                      "parent": 2
                    }
                  ],
                  "parent": 0
                },
                {
                  "name": "Cube",
                  "transformation": [
                    2.2204460492503128e-16,
                    -5.551115123125782e-17,
                    0.9999999999999999,
                    0,
                    -0.8090169943749476,
                    -0.5877852522924728,
                    2.2204460492503128e-16,
                    0,
                    0.5877852522924727,
                    -0.8090169943749476,
                    -2.2204460492503126e-16,
                    0,
                    0.9612666793932771,
                    0.6984011233337102,
                    0,
                    1
                  ],
                  "children": [],
                  "parent": 0
                },
                {
                  "name": "Cube",
                  "transformation": [
                    -2.220446049250313e-16,
                    5.273559366969494e-16,
                    1,
                    0,
                    0.30901699437494773,
                    0.9510565162951538,
                    -4.440892098500627e-16,
                    0,
                    -0.9510565162951534,
                    0.30901699437494756,
                    -4.4408920985006257e-16,
                    0,
                    -0.3671711992754837,
                    -1.1300367553350503,
                    2.220446049250313e-16,
                    1
                  ],
                  "children": [
                    {
                      "name": "Triangular Prism",
                      "transformation": [
                        -3.774758283725537e-15,
                        0.866025403784435,
                        0.500000000000009,
                        0,
                        3.108624468950453e-15,
                        -0.5000000000000108,
                        0.8660254037844379,
                        0,
                        1.0000000000000038,
                        4.773959005888191e-15,
                        -1.1102230246251607e-15,
                        0,
                        -6.989214825142656e-16,
                        3.143235715930846e-16,
                        -0.7886751345948129,
                        1
                      ],
                      "children": [],
                      "parent": 2
                    }
                  ],
                  "parent": 0
                },
                {
                  "name": "Dodecahedron",
                  "transformation": [
                    0.8506508083520399,
                    1.1102230246251563e-16,
                    0.5257311121191333,
                    0,
                    -0.5257311121191331,
                    1.1102230246251561e-15,
                    0.8506508083520395,
                    0,
                    -4.4408920985006247e-16,
                    -0.9999999999999994,
                    9.992007221626405e-16,
                    0,
                    -5.551115123125783e-17,
                    0,
                    -1.6135163644116066,
                    1
                  ],
                  "children": [
                    {
                      "name": "Dodecahedron",
                      "transformation": [
                        -0.4999999999999998,
                        0.8618033988749896,
                        -0.0854101966249683,
                        0,
                        0.30901699437494756,
                        0.08541019662496875,
                        -0.9472135954999581,
                        0,
                        -0.8090169943749477,
                        -0.4999999999999999,
                        -0.3090169943749475,
                        0,
                        0,
                        -1.1708203932499373,
                        1.8944271909999157,
                        1
                      ],
                      "children": [
                        {
                          "name": "Pentagonal Cupola",
                          "transformation": [
                            0.9510565162951539,
                            -0.2628655560595666,
                            -0.16245984811645295,
                            0,
                            -0.30901699437494706,
                            -0.8090169943749479,
                            -0.5000000000000001,
                            0,
                            0,
                            0.5257311121191335,
                            -0.8506508083520401,
                            0,
                            0,
                            -0.723606797749979,
                            1.1708203932499366,
                            1
                          ],
                          "children": [
                            {
                              "name": "Truncated Dodecahedron",
                              "transformation": [
                                0.1624598481164534,
                                0.5000000000000001,
                                -0.8506508083520404,
                                0,
                                0.2628655560595675,
                                0.809016994374947,
                                0.5257311121191335,
                                0,
                                0.9510565162951534,
                                -0.3090169943749482,
                                -4.440892098500626e-16,
                                0,
                                2.220446049250313e-16,
                                8.881784197001252e-16,
                                -2.752763840942348,
                                1
                              ],
                              "children": [],
                              "parent": 20
                            }
                          ],
                          "parent": 0
                        },
                        {
                          "name": "Pentagonal Cupola",
                          "transformation": [
                            0.16245984811645364,
                            0.9510565162951534,
                            0.26286555605956713,
                            0,
                            0.4999999999999999,
                            -0.3090169943749477,
                            0.8090169943749465,
                            0,
                            0.8506508083520393,
                            -5.551115123125781e-17,
                            -0.5257311121191337,
                            0,
                            -1.170820393249937,
                            0,
                            0.7236067977499792,
                            1
                          ],
                          "children": [],
                          "parent": 0
                        }
                      ],
                      "parent": 0
                    },
                    {
                      "name": "Dodecahedron",
                      "transformation": [
                        0.4999999999999998,
                        0.8618033988749894,
                        0.08541019662496839,
                        0,
                        -0.3090169943749474,
                        0.0854101966249685,
                        0.9472135954999579,
                        0,
                        0.8090169943749476,
                        -0.4999999999999999,
                        0.30901699437494745,
                        0,
                        -2.220446049250313e-16,
                        -1.170820393249937,
                        -1.894427190999916,
                        1
                      ],
                      "children": [],
                      "parent": 0
                    },
                    {
                      "name": "Dodecahedron",
                      "transformation": [
                        0.5854101966249684,
                        0.8090169943749479,
                        0.05278640450004159,
                        0,
                        0.6381966011250106,
                        -0.4999999999999994,
                        0.5854101966249683,
                        0,
                        0.4999999999999997,
                        -0.30901699437494756,
                        -0.8090169943749472,
                        0,
                        -1.8944271909999162,
                        3.3306690738754696e-16,
                        -1.1708203932499366,
                        1
                      ],
                      "children": [
                        {
                          "name": "Pentagonal Cupola",
                          "transformation": [
                            -0.42532540417602005,
                            -0.5877852522924732,
                            0.688190960235587,
                            0,
                            0.3090169943749476,
                            -0.8090169943749475,
                            -0.49999999999999994,
                            0,
                            0.8506508083520401,
                            1.6653345369377348e-16,
                            0.5257311121191335,
                            0,
                            -1.170820393249937,
                            0,
                            -0.7236067977499788,
                            1
                          ],
                          "children": [],
                          "parent": 0
                        },
                        {
                          "name": "Pentagonal Cupola",
                          "transformation": [
                            -0.26286555605956635,
                            0.16245984811645317,
                            -0.9510565162951531,
                            0,
                            -0.8090169943749463,
                            0.5000000000000013,
                            0.3090169943749471,
                            0,
                            0.5257311121191348,
                            0.8506508083520387,
                            -2.2204460492503123e-16,
                            0,
                            -0.7236067977499799,
                            -1.1708203932499375,
                            3.3306690738754696e-16,
                            1
                          ],
                          "children": [],
                          "parent": 0
                        }
                      ],
                      "parent": 0
                    },
                    {
                      "name": "Dodecahedron",
                      "transformation": [
                        -0.8618033988749892,
                        0.08541019662496815,
                        -0.49999999999999967,
                        0,
                        -0.08541019662496885,
                        0.947213595499958,
                        0.30901699437494773,
                        0,
                        0.49999999999999956,
                        0.30901699437494784,
                        -0.8090169943749471,
                        0,
                        1.170820393249938,
                        -1.894427190999916,
                        -1.1102230246251565e-16,
                        1
                      ],
                      "children": [
                        {
                          "name": "Pentagonal Cupola",
                          "transformation": [
                            -0.9510565162951541,
                            -0.26286555605956685,
                            0.16245984811645342,
                            0,
                            0.30901699437494756,
                            -0.809016994374948,
                            0.4999999999999999,
                            0,
                            3.0531133177191805e-16,
                            0.5257311121191334,
                            0.8506508083520401,
                            0,
                            -2.220446049250313e-16,
                            -0.7236067977499789,
                            -1.170820393249937,
                            1
                          ],
                          "children": [
                            {
                              "name": "Truncated Dodecahedron",
                              "transformation": [
                                0.1624598481164534,
                                0.5000000000000001,
                                -0.8506508083520404,
                                0,
                                0.2628655560595675,
                                0.809016994374947,
                                0.5257311121191335,
                                0,
                                0.9510565162951534,
                                -0.3090169943749482,
                                -4.440892098500626e-16,
                                0,
                                2.220446049250313e-16,
                                8.881784197001252e-16,
                                -2.752763840942348,
                                1
                              ],
                              "children": [],
                              "parent": 20
                            }
                          ],
                          "parent": 0
                        },
                        {
                          "name": "Pentagonal Cupola",
                          "transformation": [
                            0.26286555605956696,
                            0.1624598481164532,
                            0.9510565162951536,
                            0,
                            0.809016994374947,
                            0.4999999999999997,
                            -0.3090169943749474,
                            0,
                            -0.5257311121191337,
                            0.85065080835204,
                            0,
                            0,
                            0.7236067977499792,
                            -1.1708203932499368,
                            -1.1102230246251565e-16,
                            1
                          ],
                          "children": [
                            {
                              "name": "Truncated Dodecahedron",
                              "transformation": [
                                0.1624598481164534,
                                0.5000000000000001,
                                -0.8506508083520404,
                                0,
                                0.2628655560595675,
                                0.809016994374947,
                                0.5257311121191335,
                                0,
                                0.9510565162951534,
                                -0.3090169943749482,
                                -4.440892098500626e-16,
                                0,
                                2.220446049250313e-16,
                                8.881784197001252e-16,
                                -2.752763840942348,
                                1
                              ],
                              "children": [],
                              "parent": 20
                            }
                          ],
                          "parent": 0
                        }
                      ],
                      "parent": 0
                    },
                    {
                      "name": "Dodecahedron",
                      "transformation": [
                        0.08541019662496874,
                        -0.49999999999999994,
                        -0.8618033988749896,
                        0,
                        0.9472135954999579,
                        0.3090169943749477,
                        -0.08541019662496818,
                        0,
                        0.3090169943749475,
                        -0.8090169943749475,
                        0.5,
                        0,
                        -1.8944271909999157,
                        2.220446049250313e-16,
                        1.1708203932499366,
                        1
                      ],
                      "children": [
                        {
                          "name": "Pentagonal Cupola",
                          "transformation": [
                            0.26286555605956696,
                            0.1624598481164532,
                            0.9510565162951536,
                            0,
                            0.809016994374947,
                            0.4999999999999997,
                            -0.3090169943749474,
                            0,
                            -0.5257311121191337,
                            0.85065080835204,
                            0,
                            0,
                            0.7236067977499792,
                            -1.1708203932499368,
                            -1.1102230246251565e-16,
                            1
                          ],
                          "children": [],
                          "parent": 0
                        },
                        {
                          "name": "Pentagonal Cupola",
                          "transformation": [
                            0.9510565162951539,
                            -0.2628655560595666,
                            -0.16245984811645295,
                            0,
                            -0.30901699437494706,
                            -0.8090169943749479,
                            -0.5000000000000001,
                            0,
                            0,
                            0.5257311121191335,
                            -0.8506508083520401,
                            0,
                            0,
                            -0.723606797749979,
                            1.1708203932499366,
                            1
                          ],
                          "children": [],
                          "parent": 0
                        }
                      ],
                      "parent": 0
                    }
                  ],
                  "parent": 0
                }
              ],
              "parent": 0
            },
            {
              "name": "Cube",
              "transformation": [
                2.2204460492503128e-16,
                -5.551115123125782e-17,
                0.9999999999999999,
                0,
                -0.8090169943749476,
                -0.5877852522924728,
                2.2204460492503128e-16,
                0,
                0.5877852522924727,
                -0.8090169943749476,
                -2.2204460492503126e-16,
                0,
                0.9612666793932771,
                0.6984011233337102,
                0,
                1
              ],
              "children": [
                {
                  "name": "Triangular Prism",
                  "transformation": [
                    -3.774758283725537e-15,
                    0.866025403784435,
                    0.500000000000009,
                    0,
                    3.108624468950453e-15,
                    -0.5000000000000108,
                    0.8660254037844379,
                    0,
                    1.0000000000000038,
                    4.773959005888191e-15,
                    -1.1102230246251607e-15,
                    0,
                    -6.989214825142656e-16,
                    3.143235715930846e-16,
                    -0.7886751345948129,
                    1
                  ],
                  "children": [],
                  "parent": 2
                }
              ],
              "parent": 0
            },
            {
              "name": "Cube",
              "transformation": [
                2.2204460492503128e-16,
                4.4408920985006257e-16,
                0.9999999999999999,
                0,
                0.3090169943749472,
                -0.9510565162951535,
                3.330669073875469e-16,
                0,
                0.951056516295153,
                0.309016994374947,
                -4.440892098500623e-16,
                0,
                -0.3671711992754833,
                1.1300367553350508,
                -2.220446049250313e-16,
                1
              ],
              "children": [
                {
                  "name": "Rhombicuboctahedron",
                  "transformation": [
                    2.220446049250312e-16,
                    1.2325951644078304e-32,
                    -0.9999999999999996,
                    0,
                    1.224646799147353e-16,
                    -1,
                    1.232595164407831e-32,
                    0,
                    -1,
                    -1.224646799147353e-16,
                    -2.220446049250313e-16,
                    0,
                    1.7071067811865475,
                    1.6653345369377348e-16,
                    2.7755575615628914e-16,
                    1
                  ],
                  "children": [],
                  "parent": 8
                }
              ],
              "parent": 0
            },
            {
              "name": "Cube",
              "transformation": [
                -2.2204460492503136e-16,
                -1.6653345369377353e-16,
                1.0000000000000002,
                0,
                -0.8090169943749477,
                0.587785252292473,
                -1.6653345369377353e-16,
                0,
                -0.587785252292473,
                -0.8090169943749477,
                -2.2204460492503136e-16,
                0,
                0.9612666793932771,
                -0.6984011233337103,
                1.1102230246251565e-16,
                1
              ],
              "children": [
                {
                  "name": "Triangular Prism",
                  "transformation": [
                    -3.774758283725537e-15,
                    0.866025403784435,
                    0.500000000000009,
                    0,
                    3.108624468950453e-15,
                    -0.5000000000000108,
                    0.8660254037844379,
                    0,
                    1.0000000000000038,
                    4.773959005888191e-15,
                    -1.1102230246251607e-15,
                    0,
                    -6.989214825142656e-16,
                    3.143235715930846e-16,
                    -0.7886751345948129,
                    1
                  ],
                  "children": [],
                  "parent": 2
                },
                {
                  "name": "Rhombicuboctahedron",
                  "transformation": [
                    4.440892098500626e-16,
                    -2.220446049250313e-16,
                    -0.9999999999999998,
                    0,
                    -0.9999999999999998,
                    0,
                    -2.220446049250313e-16,
                    0,
                    -2.220446049250313e-16,
                    0.9999999999999998,
                    0,
                    0,
                    5.551115123125783e-17,
                    -1.7071067811865475,
                    -1.1102230246251565e-16,
                    1
                  ],
                  "children": [],
                  "parent": 8
                }
              ],
              "parent": 0
            }
          ],
          "parent": 0
        },
        {
          "name": "Cube",
          "transformation": [
            2.2204460492503128e-16,
            4.4408920985006257e-16,
            0.9999999999999999,
            0,
            0.3090169943749472,
            -0.9510565162951535,
            3.330669073875469e-16,
            0,
            0.951056516295153,
            0.309016994374947,
            -4.440892098500623e-16,
            0,
            -0.3671711992754833,
            1.1300367553350508,
            -2.220446049250313e-16,
            1
          ],
          "children": [
            {
              "name": "Triangular Prism",
              "transformation": [
                -4.440892098500653e-16,
                0.8660254037844389,
                -0.5000000000000117,
                0,
                -8.937295348232515e-15,
                -0.5000000000000089,
                -0.866025403784434,
                0,
                -1.0000000000000044,
                4.107825191113097e-15,
                7.993605777301162e-15,
                0,
                -9.844527237838265e-16,
                -1.949450448456778e-15,
                0.7886751345948129,
                1
              ],
              "children": [],
              "parent": 2
            },
            {
              "name": "Triangular Prism",
              "transformation": [
                -3.774758283725537e-15,
                0.866025403784435,
                0.500000000000009,
                0,
                3.108624468950453e-15,
                -0.5000000000000108,
                0.8660254037844379,
                0,
                1.0000000000000038,
                4.773959005888191e-15,
                -1.1102230246251607e-15,
                0,
                -6.989214825142656e-16,
                3.143235715930846e-16,
                -0.7886751345948129,
                1
              ],
              "children": [],
              "parent": 2
            },
            {
              "name": "Rhombicuboctahedron",
              "transformation": [
                4.440892098500626e-16,
                -2.220446049250313e-16,
                -0.9999999999999998,
                0,
                -0.9999999999999998,
                0,
                -2.220446049250313e-16,
                0,
                -2.220446049250313e-16,
                0.9999999999999998,
                0,
                0,
                5.551115123125783e-17,
                -1.7071067811865475,
                -1.1102230246251565e-16,
                1
              ],
              "children": [
                {
                  "name": "Truncated Cube",
                  "transformation": [
                    4.4408920985006247e-16,
                    -0.9999999999999996,
                    -3.3306690738754686e-16,
                    0,
                    -3.3306690738754686e-16,
                    -2.2204460492503123e-16,
                    0.9999999999999996,
                    0,
                    -0.9999999999999997,
                    -3.3306690738754686e-16,
                    -2.2204460492503126e-16,
                    0,
                    1.707106781186547,
                    1.7071067811865472,
                    -1.707106781186548,
                    1
                  ],
                  "children": [],
                  "parent": 0
                },
                {
                  "name": "Truncated Cube",
                  "transformation": [
                    0.9999999999999999,
                    2.636779683484747e-16,
                    1.8041124150158799e-16,
                    0,
                    -1.8041124150158796e-16,
                    -2.2204460492503128e-16,
                    0.9999999999999999,
                    0,
                    2.636779683484747e-16,
                    -0.9999999999999998,
                    -2.2204460492503126e-16,
                    0,
                    -1.7071067811865477,
                    1.7071067811865475,
                    -1.707106781186548,
                    1
                  ],
                  "children": [],
                  "parent": 0
                }
              ],
              "parent": 8
            }
          ],
          "parent": 0
        }
      ],
      "parent": 0
    },
    {
      "name": "Pentagonal Prism",
      "transformation": [
        0.8506508083520397,
        0,
        0.5257311121191333,
        0,
        -6.43834923668875e-17,
        -0.9999999999999996,
        1.0417467896404342e-16,
        0,
        0.5257311121191334,
        -1.224646799147353e-16,
        -0.8506508083520398,
        0,
        -0.9864723538095461,
        1.6653345369377348e-16,
        0.7871288030510093,
        1
      ],
      "children": [
        {
          "name": "Square Pyramid",
          "transformation": [
            0,
            -1,
            0,
            0,
            0,
            0,
            1,
            0,
            -1,
            0,
            0,
            0,
            -1.0417443508288604,
            0,
            -1.1102230246251565e-16,
            1
          ],
          "children": [],
          "parent": 0
        },
        {
          "name": "Pentagonal Cupola",
          "transformation": [
            -0.809016994374947,
            0.5877852522924732,
            0,
            0,
            -0.5877852522924732,
            -0.809016994374947,
            0,
            0,
            0,
            0,
            1,
            0,
            5.551115123125783e-17,
            0,
            -0.7628655560595667,
            1
          ],
          "children": [
            {
              "name": "Truncated Dodecahedron",
              "transformation": [
                0.1624598481164534,
                0.5000000000000001,
                -0.8506508083520404,
                0,
                0.2628655560595675,
                0.809016994374947,
                0.5257311121191335,
                0,
                0.9510565162951534,
                -0.3090169943749482,
                -4.440892098500626e-16,
                0,
                2.220446049250313e-16,
                8.881784197001252e-16,
                -2.752763840942348,
                1
              ],
              "children": [],
              "parent": 20
            }
          ],
          "parent": 0
        }
      ],
      "parent": 0
    },
    {
      "name": "Pentagonal Prism",
      "transformation": [
        -0.6881909602355867,
        0.5877852522924732,
        0.42532540417602016,
        0,
        -0.5000000000000001,
        -0.8090169943749475,
        0.30901699437494734,
        0,
        0.5257311121191338,
        -2.2204460492503136e-16,
        0.8506508083520401,
        0,
        -0.9864723538095458,
        3.0531133177191805e-16,
        -0.7871288030510094,
        1
      ],
      "children": [
        {
          "name": "Square Pyramid",
          "transformation": [
            -0.5877852522924731,
            0.8090169943749475,
            2.220446049250313e-16,
            0,
            5.551115123125784e-17,
            -2.2204460492503136e-16,
            1.0000000000000002,
            0,
            0.8090169943749472,
            0.587785252292473,
            0,
            0,
            0.8427888836146454,
            0.6123219660762003,
            -1.1102230246251565e-16,
            1
          ],
          "children": [],
          "parent": 0
        },
        {
          "name": "Pentagonal Antiprism",
          "transformation": [
            0.3090169943749474,
            0.9510565162951535,
            0,
            0,
            -0.9510565162951535,
            0.3090169943749474,
            0,
            0,
            0,
            0,
            1,
            0,
            0,
            0,
            -0.9253254041760199,
            1
          ],
          "children": [
            {
              "name": "Pentagonal Antiprism",
              "transformation": [
                -0.30901699437494745,
                0.9510565162951536,
                0,
                0,
                -0.9510565162951536,
                -0.30901699437494745,
                0,
                0,
                0,
                0,
                1,
                0,
                1.1102230246251565e-16,
                -1.1102230246251565e-16,
                -0.85065080835204,
                1
              ],
              "children": [
                {
                  "name": "Pentagonal Prism",
                  "transformation": [
