{
  "name": "Dodecahedron",
  "transformation": [
    1,
    0,
    0,
    0,
    0,
    1,
    0,
    0,
    0,
    0,
    1,
    0,
    0,
    0,
    0,
    1
  ],
  "children": [
    {
      "name": "Icosidodecahedron",
      "transformation": [
        -6.661338147750941e-16,
        6.245004513516503e-17,
        1.0000000000000002,
        0,
        -1.595945597898663e-16,
        1,
        -6.245004513516513e-17,
        0,
        -1,
        -1.5959455978986633e-16,
        -6.661338147750939e-16,
        0,
        2.118033988749895,
        0,
        -1.3090169943749475,
        1
      ],
      "children": [
        {
          "name": "Pentagonal Prism",
          "transformation": [
            -0.16245984811645386,
            -0.26286555605956663,
            -0.9510565162951538,
            0,
            0.4999999999999999,
            0.8090169943749475,
            -0.30901699437494756,
            0,
            0.8506508083520402,
            -0.5257311121191336,
            -6.661338147750939e-16,
            0,
            -1.596145797425957,
            0.9864723538095457,
            0,
            1
          ],
          "children": [],
          "parent": 0
        },
        {
          "name": "Pentagonal Prism",
          "transformation": [
            -2.2204460492503126e-16,
            0.5257311121191334,
            0.8506508083520399,
            0,
            -1,
            -2.220446049250313e-16,
            -1.1102230246251565e-16,
            0,
            1.1102230246251564e-16,
            -0.85065080835204,
            0.5257311121191334,
            0,
            -1.1102230246251565e-16,
            1.5961457974259567,
            -0.9864723538095459,
            1
          ],
          "children": [],
          "parent": 0
        },
        {
          "name": "Pentagonal Prism",
          "transformation": [
            0.6881909602355869,
            -0.587785252292473,
            0.4253254041760194,
            0,
            0.5,
            0.8090169943749473,
            0.3090169943749475,
            0,
            -0.5257311121191333,
            -3.885780586188048e-16,
            0.8506508083520401,
            0,
            0.9864723538095458,
            1.3877787807814457e-16,
            -1.5961457974259572,
            1
          ],
          "children": [],
          "parent": 0
        },
        {
          "name": "Pentagonal Prism",
          "transformation": [
            0.9510565162951536,
            -0.16245984811645373,
            0.2628655560595664,
            0,
            0.3090169943749474,
            0.5000000000000001,
            -0.8090169943749477,
            0,
            6.383782391594651e-16,
            0.8506508083520401,
            0.5257311121191339,
            0,
            -2.220446049250313e-16,
            -1.5961457974259576,
            -0.9864723538095461,
            1
          ],
          "children": [],
          "parent": 0
        },
        {
          "name": "Pentagonal Prism",
          "transformation": [
            0.42532540417601983,
            -0.6881909602355872,
            -0.5877852522924731,
            0,
            -0.30901699437494784,
            0.49999999999999944,
            -0.8090169943749477,
            0,
            0.8506508083520403,
            0.5257311121191339,
            -8.881784197001256e-16,
            0,
            -1.5961457974259567,
            -0.9864723538095461,
            0,
            1
          ],
          "children": [],
          "parent": 0
        },
        {
          "name": "Pentagonal Prism",
          "transformation": [
            -0.6881909602355866,
            0.5877852522924731,
            0.42532540417602005,
            0,
            -0.5000000000000001,
            -0.8090169943749475,
            0.30901699437494745,
            0,
            0.5257311121191338,
            -1.1102230246251568e-16,
            0.8506508083520401,
            0,
            -0.9864723538095459,
            2.636779683484747e-16,
            -1.596145797425957,
            1
          ],
          "children": [],
          "parent": 0
        },
        {
          "name": "Square Antiprism",
          "transformation": [
            0.9497323306235952,
            -0.2071067811865478,
            0.23476644000968705,
            0,
            0.30901699437494756,
            0.4999999999999998,
            -0.8090169943749478,
            0,
            0.05016968562536739,
            0.8408964152537147,
            0.5388656803487342,
            0,
            -1.9594854112726074,
            -1.3530843112619095e-16,
            -0.7484568266465698,
            1
          ],
          "children": [],
          "parent": 2
        },
        {
          "name": "Square Antiprism",
          "transformation": [
            0.37986007935348676,
            -0.714965890613908,
            0.5869668605400346,
            0,
            0.3090169943749474,
            -0.5000000000000001,
            -0.8090169943749477,
            0,
            0.8719029861750888,
            0.4886959947233674,
            0.031006570921373836,
            0,
            -1.2110285846260382,
            1.2110285846260374,
            -1.2110285846260378,
            1
          ],
          "children": [],
          "parent": 2
        },
        {
          "name": "Square Antiprism",
          "transformation": [
            0.20710678118654735,
            -0.23476644000968716,
            0.949732330623595,
            0,
            -0.5,
            0.8090169943749475,
            0.30901699437494745,
            0,
            -0.8408964152537146,
            -0.5388656803487343,
            0.05016968562536683,
            0,
            2.7755575615628914e-16,
            0.7484568266465699,
            -1.9594854112726072,
            1
          ],
          "children": [],
          "parent": 2
        },
        {
          "name": "Square Antiprism",
          "transformation": [
            -0.20710678118654746,
            0.23476644000968705,
            0.949732330623595,
            0,
            0.5,
            -0.8090169943749477,
            0.30901699437494745,
            0,
            0.8408964152537145,
            0.538865680348734,
            0.05016968562536694,
            0,
            -2.7755575615628914e-16,
            -0.7484568266465698,
            -1.959485411272607,
            1
          ],
          "children": [],
          "parent": 2
        },
        {
          "name": "Square Antiprism",
          "transformation": [
            0.7149658906139079,
            0.5869668605400342,
            0.3798600793534868,
            0,
            -0.49999999999999994,
            0.8090169943749475,
            -0.30901699437494745,
            0,
            -0.48869599472336733,
            0.0310065709213739,
            0.8719029861750882,
            0,
            -1.2110285846260378,
            -1.2110285846260376,
            -1.2110285846260376,
            1
          ],
          "children": [],
          "parent": 2
        }
      ],
      "parent": 0
    },
    {
      "name": "Icosidodecahedron",
      "transformation": [
        0.3090169943749473,
        -0.8090169943749485,
        -0.4999999999999992,
        0,
        -0.5000000000000006,
        0.30901699437494623,
        -0.8090169943749477,
        0,
        0.8090169943749472,
        0.4999999999999998,
        -0.3090169943749488,
        0,
        -2.118033988749895,
        2.220446049250313e-16,
        1.3090169943749472,
        1
      ],
      "children": [
        {
          "name": "Icosahedron",
          "transformation": [
            -4.440892098500626e-16,
            1.1796119636642293e-16,
            -1,
            0,
            6.245004513516508e-17,
            1,
            1.1796119636642288e-16,
            0,
            1,
            -6.245004513516503e-17,
            -4.440892098500626e-16,
            0,
            -0.8090169943749475,
            -2.118033988749895,
            1.1102230246251565e-16,
            1
          ],
          "children": [],
          "parent": 0
        },
        {
          "name": "Icosahedron",
          "transformation": [
            0.8090169943749475,
            0.30901699437494745,
            0.5,
            0,
            -0.5,
            0.8090169943749475,
            0.30901699437494745,
            0,
            -0.3090169943749474,
            -0.49999999999999994,
            0.8090169943749473,
            0,
            1.3090169943749475,
            -1.3090169943749477,
            -1.3090169943749475,
            1
          ],
          "children": [],
          "parent": 0
        },
        {
          "name": "Icosahedron",
          "transformation": [
            0.4999999999999996,
            -0.8090169943749476,
            -0.3090169943749474,
            0,
            -0.3090169943749475,
            -0.5000000000000001,
            0.8090169943749479,
            0,
            -0.8090169943749476,
            -0.30901699437494723,
            -0.49999999999999994,
            0,
            1.3090169943749475,
            1.3090169943749475,
            -1.3090169943749477,
            1
          ],
          "children": [],
          "parent": 0
        },
        {
          "name": "Icosahedron",
          "transformation": [
            -2.2204460492503128e-16,
            1.8041124150158791e-16,
            0.9999999999999999,
            0,
            -4.163336342344341e-17,
            -1,
            1.8041124150158796e-16,
            0,
            0.9999999999999999,
            -4.163336342344339e-17,
            2.2204460492503128e-16,
            0,
            -0.8090169943749475,
            2.118033988749895,
            -1.1102230246251565e-16,
            1
          ],
          "children": [],
          "parent": 0
        },
        {
          "name": "Icosahedron",
          "transformation": [
            0.3090169943749471,
            -0.49999999999999967,
            0.8090169943749476,
            0,
            0.8090169943749477,
            -0.3090169943749479,
            -0.5,
            0,
            0.5000000000000002,
            0.8090169943749479,
            0.30901699437494706,
            0,
            -2.118033988749895,
            5.551115123125783e-17,
            0.8090169943749475,
            1
          ],
          "children": [],
          "parent": 0
        },
        {
          "name": "Pentagonal Cupola",
          "transformation": [
            -0.6881909602355858,
            -0.5877852522924731,
            0.42532540417601955,
            0,
            0.5000000000000002,
            -0.809016994374947,
            -0.30901699437494784,
            0,
            0.5257311121191336,
            -1.6653345369377346e-16,
            0.8506508083520398,
            0,
            -0.8618033988749896,
            -5.551115123125783e-17,
            -1.3944271909999157,
            1
          ],
          "children": [],
          "parent": 0
        },
        {
          "name": "Tetrahedron",
          "transformation": [
            -4.440892098500626e-16,
            0.5567372075069474,
            -0.8306886792158458,
            0,
            0.7071067811865479,
            0.5873855981284211,
            0.3936726547670243,
            0,
            0.7071067811865475,
            -0.5873855981284215,
            -0.3936726547670252,
            0,
            1.6653345369377348e-16,
            0.6121806669914351,
            1.6027097934391579,
            1
          ],
          "children": [],
          "parent": 0
        },
        {
          "name": "Tetrahedron",
          "transformation": [
            0.19371294336139594,
            -0.24330308108742432,
            -0.9504098622739721,
            0,
            0.9504098622739722,
            -0.19371294336139686,
            0.24330308108742402,
            0,
            -0.2433030810874246,
            -0.9504098622739722,
            0.19371294336139644,
            0,
            0.9905291264477228,
            0.990529126447723,
            0.990529126447723,
            1
          ],
          "children": [],
          "parent": 0
        },
        {
          "name": "Tetrahedron",
          "transformation": [
            -0.39367265476702484,
            0.7071067811865475,
            -0.5873855981284211,
            0,
            0.8306886792158457,
            2.220446049250313e-16,
            -0.5567372075069474,
            0,
            -0.3936726547670244,
            -0.7071067811865477,
            -0.5873855981284213,
            0,
            1.602709793439158,
            2.220446049250313e-16,
            0.6121806669914349,
            1
          ],
          "children": [],
          "parent": 0
        },
        {
          "name": "Tetrahedron",
          "transformation": [
            0.19371294336139666,
            0.24330308108742457,
            -0.9504098622739721,
            0,
            0.24330308108742452,
            -0.9504098622739721,
            -0.1937129433613966,
            0,
            -0.9504098622739721,
            -0.19371294336139655,
            -0.2433030810874246,
            0,
            0.9905291264477227,
            -0.990529126447723,
            0.990529126447723,
            1
          ],
          "children": [],
          "parent": 0
        },
        {
          "name": "Tetrahedron",
          "transformation": [
            4.440892098500631e-16,
            -0.5567372075069479,
            -0.8306886792158465,
            0,
            -0.7071067811865477,
            -0.5873855981284223,
            0.39367265476702484,
            0,
            -0.7071067811865486,
            0.5873855981284213,
            -0.3936726547670245,
            0,
            3.608224830031759e-16,
            -0.6121806669914354,
            1.602709793439158,
            1
          ],
          "children": [],
          "parent": 0
        }
      ],
      "parent": 0
    }
  ]
}